prior <- 
structure(c(0.0460578746324439, 0.00552364725603891, 0.0123663744538185, 0.0137404160597983,
0.00709005468685592, 0.00302289153315562, 0.00706257385473632, 0.00104427162054467,
0.0106625628624035, 0.0032427381901124, 0.00211602407320894, 0.000741982467229108,
0.00219846656956773, 0.0024457940586441, 0.00519387727060375, 0.00145648410233862,
0.00214350490532853, 0.00189617741625216, 0.00351754651130836, 0.00381983566462392,
0.0126961444392536, 0.00439693313913545, 0.00280304487619885, 0.0142625518700706, 0.26909230811509,
0.0496303828079914, 0.00582593640935448, 0.0024183132265245, 0.00656791887658358, 0.0080244029789222,
0.0202808541042623, 0.0510044244139713, 0.309214323009701, 0.00145648410233862, 0.00519387727060375,
0.00752974800076946, 0.0166259034323559, 0.0088213471103905, 0.000412212481793949,
0.00294044903679683, 0.0032427381901124, 0.000164884992717579, 0.000302289153315562,
0.000687020802989915, 0.000522135810272335, 0.00590837890571327, 0.0293220478716096,
0.0105251587018055, 0.00288548737255764, 0.00945340624914122, 0.000357250817554756,
0.00208854324108934),
.Dim = c(52))
countsR <- 
structure(c(0, 0, 1, 0, 2, 1, 1, 0, 1, 0, 0, 1, 0, 0, 0, 1, 0, 0, 0, 0, 22, 0, 0, 0, 0, 0, 0, 0, 1,
1, 0, 0, 1, 0, 0, 3, 0, 0, 0, 1, 0, 0, 1, 0, 0, 1, 0, 1, 0, 1, 3, 1, 0, 4, 0, 0, 0, 0, 1, 65, 0, 0,
4, 1, 1, 0, 7, 0, 0, 1, 0, 0, 0, 1, 32, 1, 65, 0, 0, 0, 0, 0, 0, 0, 0, 0, 0, 8, 0, 0, 0, 0, 0, 95, 0,
1, 75, 0, 0, 0, 0, 5, 1, 1, 0, 0, 0, 0, 0, 0, 1, 0, 63, 1, 0, 0, 1, 0, 0, 0, 1, 0, 1, 0, 0, 4, 1, 1,
1, 0, 3, 0, 1, 0, 0, 0, 1, 2, 14, 2, 0, 0, 0, 10, 2, 58, 0, 1, 31, 2, 0, 1, 64, 2, 0, 0, 2, 0, 0, 1,
1, 0, 134, 0, 1, 1, 0, 0, 0, 0, 0, 0, 2, 0, 0, 1, 51, 1, 0, 0, 6, 3, 1, 0, 0, 0, 0, 1, 0, 0, 2, 4, 0,
4, 0, 0, 3, 3, 1, 0, 0, 0, 188, 100, 2, 0, 0, 0, 1, 0, 0, 0, 3, 0, 1, 0, 0, 0, 0, 4, 0, 1, 2, 16, 1,
0, 0, 0, 0, 0, 0, 0, 0, 0, 1, 1, 0, 2, 1, 0, 0, 0, 0, 2, 0, 0, 1, 0, 0, 0, 0, 0, 0, 0, 1, 1, 5, 1, 0,
0, 0, 0, 0, 68, 1, 0, 0, 1, 1, 4, 5, 1, 0, 0, 0, 0, 0, 4, 0, 1, 0, 60, 0, 0, 0, 0, 2, 0, 46, 0, 0,
106, 1, 0, 0, 0, 0, 1, 72, 0, 85, 0, 3, 0, 1, 2, 0, 137, 1, 2, 0, 1, 0, 1, 0, 1, 0, 0, 1, 0, 0, 0, 1,
1, 0, 0, 1, 1, 3, 0, 4, 0, 1, 0, 1, 0, 0, 0, 0, 2, 1, 1, 0, 2, 0, 2, 1, 1, 0, 1, 0, 2, 0, 15, 3, 0,
0, 2, 0, 0, 2, 0, 63, 1, 0, 0, 2, 0, 0, 0, 0, 1, 0, 0, 0, 0, 0, 0, 0, 0, 0, 1, 0, 1, 3, 4, 0, 4, 0,
0, 21, 0, 0, 13, 2, 1, 1, 0, 1, 1, 1, 0, 37, 0, 0, 0, 182, 0, 0, 0, 0, 46, 0, 0, 0, 2, 0, 0, 5, 1, 5,
0, 2, 2, 0, 0, 0, 0, 0, 5, 5, 0, 0, 0, 0, 1, 0, 0, 0, 0, 0, 0, 0, 1, 0, 0, 0, 0, 2, 89, 3, 0, 26, 16,
0, 1, 0, 10, 1, 29, 0, 1, 1, 0, 2, 0, 1, 0, 0, 0, 0, 1, 1, 2, 0, 1, 2, 0, 0, 0, 3, 0, 2, 3, 5, 0, 0,
0, 0, 2, 2, 1, 0, 0, 2, 0, 0, 1, 0, 1, 2, 0, 0, 1, 1, 6, 0, 0, 1, 1, 1, 0, 2, 0, 1, 0, 1, 0, 0, 0, 0,
3, 0, 0, 1, 3, 0, 0, 0, 0, 0, 0, 1, 2, 0, 0, 6, 2, 0, 0, 0, 0, 1, 0, 0, 0, 1, 0, 0, 0, 0, 0, 1, 0, 1,
0, 19, 1, 7, 0, 1, 0, 2, 0, 0, 2, 0, 0, 0, 1, 2, 1, 0, 0, 0, 0, 1, 103, 0, 2, 2, 13, 0, 0, 0, 0, 4,
0, 0, 14, 71, 2, 0, 0, 0, 2, 1, 0, 1, 2, 0, 0, 1, 1, 8, 1, 2, 0, 0, 0, 0, 0, 10, 0, 1, 1, 37, 0, 79,
1, 0, 0, 0, 1, 0, 1, 0, 1, 0, 2, 0, 0, 0, 1, 0, 1, 0, 0, 15, 0, 0, 0, 1, 1, 2, 1, 1, 0, 0, 1, 0, 1,
0, 1, 0, 0, 2, 0, 0, 1, 0, 1, 0, 1, 1, 0, 0, 2, 0, 1, 1, 0, 1, 0, 1, 2, 0, 91, 0, 77, 3, 1, 1, 1, 58,
2, 0, 0, 1, 0, 0, 1, 0, 1, 0, 0, 0, 0, 0, 2, 1, 0, 1, 2, 152, 0, 0, 2, 128, 0, 2, 2, 0, 0, 0, 0, 0,
1, 0, 1, 1, 0, 0, 0, 0, 1, 0, 0, 1, 0, 0, 0, 66, 0, 2, 2, 0, 1, 0, 0, 0, 2, 0, 4, 0, 0, 0, 0, 2, 0,
0, 2, 0, 0, 0, 0, 95, 1, 1, 3, 0, 1, 0, 0, 0, 1, 0, 0, 0, 0, 0, 0, 2, 0, 10, 1, 0, 2, 0, 50, 0, 1, 0,
1, 0, 1, 0, 0, 0, 173, 1, 0, 0, 1, 1, 0, 0, 2, 2, 1, 25, 0, 64, 0, 0, 1, 54, 1, 2, 1, 0, 0, 1, 126,
0, 0, 1, 1, 10, 0, 0, 0, 38, 0, 1, 0, 20, 0, 1, 0, 5, 1, 0, 0, 1, 1, 92, 1, 1, 1, 3, 0, 0, 0, 103, 2,
0, 2, 3, 0, 0, 1, 0, 2, 0, 0, 28, 1, 1, 1, 1, 1, 2, 2, 0, 0, 0, 0, 2, 0, 1, 1, 0, 0, 0, 0, 1, 0, 2,
0, 2, 0, 58, 0, 1, 4, 0, 1, 0, 0, 0, 3, 0, 1, 0, 41, 0, 1, 2, 0, 60, 0, 1, 0, 0, 0, 0, 1, 0, 1, 1, 1,
0, 0, 0, 0, 0, 0, 0, 1, 2, 0, 1, 0, 0, 2, 0, 1, 3, 0, 0, 0, 0, 1, 0, 0, 4, 0, 0, 1, 1, 0, 1, 2, 0, 0,
2, 0, 5, 0, 1, 293, 1, 1, 2, 1, 0, 0, 1, 1, 0, 0, 1, 0, 2, 2, 0, 6, 0, 4, 0, 0, 0, 0, 0, 0, 0, 1, 1,
1, 1, 0, 2, 1, 1, 0, 1, 0, 1, 0, 0, 0, 0, 23, 0, 0, 0, 0, 0, 1, 0, 0, 0, 2, 2, 0, 0, 0, 0, 0, 1, 8,
0, 0, 0, 0, 1, 0, 0, 0, 0, 2, 1, 5, 0, 0, 1, 1, 1, 0, 2, 0, 0, 0, 3, 0, 66, 0, 1, 30, 2, 0, 0, 0, 0,
0, 2, 0, 1, 0, 1, 26, 0, 0, 0, 0, 1, 0, 2, 0, 0, 0, 3, 5, 1, 0, 0, 2, 0, 2, 1, 1, 0, 0, 0, 0, 1, 0,
0, 0, 2, 0, 0, 0, 4, 0, 1, 195, 1, 1, 0, 10, 0, 0, 1, 1, 1, 0, 2, 0, 0, 1, 0, 0, 1, 0, 8, 2, 1, 0, 1,
1, 0, 1, 0, 0, 0, 0, 5, 0, 1, 1, 0, 2, 0, 0, 0, 1, 1, 0, 2, 0, 3, 0, 1, 62, 0, 1, 136, 0, 1, 0, 0, 1,
2, 0, 0, 74, 0, 2, 0, 0, 0, 1, 0, 1, 0, 39, 2, 0, 0, 2, 1, 0, 0, 1, 1, 0, 2, 0, 2, 2, 0, 3, 4, 0, 3,
0, 1, 0, 3, 0, 0, 0, 0, 0, 0, 1, 0, 1, 0, 0, 2, 1, 2, 1, 2, 57, 0, 3, 0, 0, 0, 0, 11, 0, 0, 2, 3, 1,
3, 0, 0, 0, 0, 3, 68, 0, 5, 0, 0, 0, 2, 0, 1, 2, 0, 2, 0, 0, 0, 0, 1, 1, 0, 80, 1, 0, 0, 0, 1, 1, 2,
1, 0, 0, 1, 0, 0, 0, 0, 1, 0, 0, 1, 0, 0, 0, 0, 0, 70, 3, 1, 1, 1, 0, 62, 0, 0, 2, 26, 51, 0, 0, 2,
1, 1, 0, 0, 0, 0, 1, 1, 2, 1, 0, 0, 1, 11, 48, 0, 0, 0, 4, 3, 1, 0, 0, 0, 0, 0, 381, 0, 0, 0, 0, 0,
1, 0, 0, 0, 0, 1, 0, 0, 158, 86, 0, 0, 0, 0, 2, 4, 0, 1, 2, 0, 14, 2, 0, 0, 1, 1, 0, 1, 0, 2, 0, 97,
1, 0, 1, 0, 2, 1, 0, 1, 0, 0, 2, 0, 0, 1, 0, 0, 0, 0, 1, 0, 1, 2, 0, 1, 3, 210, 0, 0, 0, 0, 0, 44, 2,
0, 0, 0, 0, 0, 0, 8, 0, 0, 0, 0, 5, 0, 1, 2, 0, 0, 0, 1, 0, 64, 1, 2, 0, 0, 0, 0, 0, 3, 0, 74, 1, 0,
52, 0, 1, 0, 0, 0, 3, 0, 0, 0, 0, 0, 1, 1, 0, 4, 0, 0, 1, 0, 0, 2, 0, 0, 1, 0, 3, 0, 1, 2, 1, 1, 1,
0, 2, 0, 155, 1, 166, 2, 0, 1, 1, 2, 0, 73, 0, 0, 1, 0, 1, 1, 1, 1, 0, 0, 0, 0, 0, 0, 4, 61, 1, 1, 1,
2, 1, 0, 2, 0, 0, 1, 1, 0, 3, 2, 0, 0, 59, 0, 1, 0, 0, 1, 0, 6, 0, 43, 0, 1, 0, 1, 0, 3, 1, 0, 0, 0,
1, 9, 1, 0, 0, 0, 29, 0, 2, 1, 108, 3, 1, 2, 4, 0, 0, 0, 88, 1, 1, 0, 1, 0, 3, 0, 0, 1, 0, 0, 0, 1,
0, 1, 1, 1, 1, 0, 0, 0, 0, 1, 0, 0, 0, 0, 0, 0, 0, 1, 1, 0, 3, 0, 0, 0, 3, 2, 40, 1, 2, 0, 0, 0, 0,
1, 0, 64, 0, 0, 0, 30, 2, 0, 0, 0, 82, 14, 0, 0, 33, 0, 0, 0, 0, 0, 0, 1, 1, 0, 0, 3, 0, 2, 1, 0, 1,
0, 1, 0, 0, 0, 0, 1, 1, 3, 0, 1, 3, 0, 0, 1, 0, 0, 1, 0, 3, 1, 8, 1, 1, 1, 0, 0, 2, 140, 0, 94, 0, 5,
0, 84, 0, 2, 0, 2, 64, 95, 0, 0, 1, 1, 1, 0, 0, 0, 1, 0, 1, 0, 1, 0, 0, 0, 1, 1, 67, 0, 3, 1, 0, 30,
0, 0, 1, 1, 2, 56, 0, 1, 3, 1, 0, 0, 0, 1, 3, 0, 0, 1, 0, 11, 1, 1, 0, 0, 34, 0, 1, 0, 1, 1, 0, 19,
0, 1, 2, 1, 0, 128, 0, 2, 1, 1, 1, 0, 1, 2, 1, 0, 24, 1, 2, 1, 12, 0, 0, 2, 0, 1, 1, 0, 1, 1, 0, 0,
1, 81, 1, 2, 1, 0, 0, 0, 1, 0, 0, 0, 1, 100, 0, 1, 1, 0, 0, 0, 0, 0, 0, 1, 0, 1, 0, 2, 1, 1, 8, 0, 1,
9, 0, 0, 0, 0, 28, 0, 0, 4, 1, 0, 3, 0, 0, 5, 1, 0, 0, 0, 0, 0, 1, 0, 2, 0, 2, 0, 0, 1, 0, 0, 0, 0,
0, 2, 2, 2, 1, 0, 0, 0, 0, 1, 0, 1, 1, 1, 0, 2, 6, 0, 0, 0, 0, 0, 0, 0, 0, 11, 0, 0, 0, 100, 3, 1, 0,
3, 2, 0, 0, 0, 0, 0, 1, 2, 0, 0, 29, 1, 1, 3, 1, 0, 0, 1, 0, 0, 0, 0, 0, 0, 0, 0, 3, 108, 2, 0, 1, 0,
0, 1, 1, 1, 33, 0, 1, 2, 0, 1, 113, 0, 0, 0, 0, 0, 0, 2, 2, 1, 0, 2, 0, 0, 0, 0, 0, 15, 1, 1, 0, 1,
0, 2, 16, 1, 0, 0, 2, 1, 3, 1, 14, 1, 0, 0, 1, 1, 0, 0, 0, 0, 4, 1, 15, 0, 37, 6, 80, 0, 1, 0, 0, 0,
54, 1, 1, 1, 1, 1, 0, 0, 1, 0, 0, 0, 0, 0, 0, 0, 39, 1, 1, 0, 0, 0, 1, 0, 1, 1, 0, 0, 0, 0, 0, 1, 0,
0, 1, 1, 0, 0, 0, 0, 0, 0, 1, 3, 0, 0, 0, 21, 0, 17, 4, 26, 1, 0, 2, 0, 1, 0, 0, 0, 5, 0, 0, 0, 0, 0,
0, 1, 3, 0, 0, 0, 1, 0, 0, 22, 11, 28, 2, 7, 44, 11, 21, 12, 20, 19, 18, 20, 0, 19, 7, 6, 168, 49, 7,
0, 5, 10, 15, 76, 24, 65, 6, 70, 14, 32, 43, 9, 6, 94, 1, 0, 9, 8, 7, 28, 25, 1, 26, 47, 19, 11, 27,
6, 19, 3, 34, 4, 0, 8, 12, 7, 42, 15, 0, 0, 18, 0, 27, 15, 12, 1, 1, 24, 55, 11, 17, 4, 9, 1, 20, 0,
14, 23, 5, 25, 33, 51, 18, 20, 3, 5, 3, 26, 5, 50, 9, 17, 1, 22, 14, 1, 34, 41, 18, 7, 0, 6, 0, 1,
19, 39, 39, 21, 20, 17, 5, 0, 20, 28, 0, 7, 13, 14, 2, 2, 219, 4, 17, 0, 3, 0, 5, 5, 5, 22, 31, 20,
14, 29, 11, 12, 10, 0, 3, 34, 8, 8, 0, 58, 0, 5, 11, 0, 13, 53, 0, 0, 0, 3, 28, 28, 9, 41, 1, 14, 23,
3, 19, 23, 11, 19, 30, 15, 7, 9, 9, 33, 46, 11, 5, 0, 18, 9, 25, 28, 9, 13, 11, 29, 22, 2, 12, 13, 9,
0, 0, 3, 6, 20, 42, 34, 10, 19, 34, 45, 87, 1, 0, 24, 11, 28, 27, 7, 0, 21, 0, 9, 51, 17, 7, 4, 7,
23, 10, 16, 9, 4, 0, 19, 38, 13, 4, 35, 30, 7, 3, 37, 1, 0, 19, 7, 1, 7, 28, 28, 8, 20, 137, 41, 2,
15, 18, 57, 7, 3, 14, 19, 49, 26, 10, 0, 5, 6, 6, 10, 5, 11, 0, 24, 10, 5, 26, 12, 0, 0, 0, 54, 1, 7,
13, 27, 0, 1, 7, 21, 0, 0, 11, 6, 2, 1, 9, 0, 28, 10, 0, 3, 24, 6, 52, 2, 9, 0, 26, 0, 43, 1, 30, 20,
30, 5, 0, 0, 13, 6, 35, 8, 19, 58, 0, 0, 54, 14, 3, 16, 2, 18, 9, 22, 7, 9, 36, 2, 0, 0, 4, 0, 8, 1,
17, 15, 29, 13, 18, 19, 9, 4, 0, 11, 0, 27, 32, 64, 0, 11, 43, 8, 0, 22, 9, 7, 16, 16, 14, 3, 26, 0,
12, 26, 19, 1, 40, 16, 21, 14, 3, 5, 12, 4, 0, 17, 9, 69, 26, 9, 6, 15, 31, 4, 0, 12, 30, 9, 23, 1,
10, 18, 0, 16, 16, 14, 55, 30, 15, 10, 5, 0, 35, 2, 10, 1, 24, 29, 23, 15, 0, 2, 13, 43, 18, 38, 21,
15, 10, 0, 14, 12, 7, 36, 25, 5, 7, 0, 0, 0, 21, 0, 4, 7, 16, 23, 9, 21, 10, 8, 21, 17, 28, 12, 12,
6, 16, 0, 1, 4, 10, 1, 1, 42, 22, 8, 0, 5, 1, 37, 6, 3, 10, 2, 41, 7, 19, 3, 4, 7, 9, 14, 1, 8, 21,
16, 1, 17, 11, 1, 33, 0, 9, 1, 11, 0, 17, 1, 2, 10, 37, 12, 26, 175, 2, 20, 9, 6, 12, 13, 3, 36, 5,
23, 0, 1, 14, 17, 19, 20, 13, 6, 2, 8, 29, 8, 35, 34, 9, 15, 22, 26, 38, 17, 9, 16, 2, 27, 26, 23, 6,
16, 0, 3, 2, 0, 0, 12, 3, 2, 21, 12, 2, 16, 25, 24, 18, 9, 19, 33, 12, 81, 10, 16, 10, 1, 24, 0, 15,
9, 7, 6, 6, 11, 0, 10, 15, 31, 0, 22, 4, 38, 0, 3, 31, 20, 0, 29, 6, 9, 2, 67, 6, 11, 9, 13, 14, 16,
1, 0, 11, 2, 7, 52, 2, 38, 9, 26, 15, 16, 46, 9, 30, 0, 20, 1, 43, 5, 8, 9, 16, 1, 7, 3, 1, 1, 5, 0,
29, 32, 6, 22, 23, 25, 11, 13, 15, 7, 0, 10, 20, 15, 17, 2, 15, 2, 25, 2, 8, 2, 2, 25, 1, 33, 0, 8,
25, 17, 1, 17, 60, 37, 21, 15, 0, 13, 28, 9, 1, 10, 69, 13, 29, 4, 37, 0, 29, 1, 56, 1, 4, 1, 4, 32,
0, 6, 1, 12, 1, 2, 0, 19, 11, 0, 11, 34, 13, 1, 9, 22, 0, 2, 7, 57, 41, 43, 2, 13, 0, 44, 14, 28, 67,
0, 43, 9, 13, 1, 1, 15, 21, 62, 2, 2, 9, 12, 1, 0, 1, 2, 1, 30, 36, 15, 1, 7, 7, 118, 18, 2, 22, 0,
24, 2, 9, 54, 1, 8, 12, 8, 6, 15, 3, 35, 75, 14, 17, 0, 16, 14, 1, 10, 13, 19, 15, 0, 0, 0, 42, 20,
49, 48, 16, 13, 35, 20, 24, 0, 10, 22, 7, 27, 2, 0, 19, 27, 9, 4, 0, 32, 0, 25, 6, 13, 0, 11, 26, 5,
1, 9, 28, 6, 2, 43, 7, 9, 0, 1, 0, 0, 36, 0, 43, 17, 25, 0, 32, 13, 0, 8, 25, 2, 1, 25, 0, 53, 0, 1,
31, 8, 22, 0, 31, 1, 10, 0, 3, 3, 9, 0, 34, 74, 2, 3, 24, 0, 6, 0, 15, 10, 34, 12, 53, 0, 12, 21, 27,
13, 18, 48, 3, 9, 6, 23, 16, 0, 28, 14, 65, 42, 15, 7, 0, 17, 24, 2, 22, 24, 20, 0, 27, 24, 20, 15,
0, 24, 20, 51, 0, 1, 13, 0, 4, 12, 80, 7, 41, 14, 0, 16, 7, 15, 0, 22, 0, 2, 15, 1, 18, 0, 0, 34, 37,
3, 15, 42, 27, 0, 13, 12, 24, 27, 14, 0, 26, 24, 9, 11, 0, 23, 21, 10, 1, 7, 10, 13, 8, 54, 19, 3,
53, 10, 33, 0, 12, 1, 17, 19, 14, 17, 9, 8, 23, 17, 7, 48, 6, 0, 26, 23, 0, 1, 19, 1, 4, 25, 26, 27,
1, 12, 9, 13, 2, 17, 3, 31, 2, 14, 2, 8, 23, 11, 1, 13, 17, 9, 1, 4, 55, 21, 31, 5, 10, 10, 2, 0, 46,
104, 4, 6, 27, 24, 0, 7, 6, 32, 22, 0, 33, 7, 9, 8, 9, 17, 8, 10, 23, 13, 7, 33, 1, 27, 49, 16, 0,
25, 14, 20, 9, 22, 25, 30, 0, 23, 14, 22, 32, 1, 13, 1, 9, 21, 43, 9, 56, 1, 12, 15, 1, 6, 11, 36, 1,
6, 21, 0, 1, 8, 17, 5, 0, 23, 27, 18, 9, 7, 12, 0, 28, 8, 5, 0, 0, 10, 20, 5, 18, 32, 32, 34, 9, 24,
24, 0, 4, 1, 47, 7, 7, 0, 28, 25, 30, 0, 21, 3, 1, 18, 18, 10, 1, 17, 11, 25, 14, 33, 0, 12, 22, 25,
39, 11, 12, 29, 8, 0, 14, 34, 28, 14, 27, 15, 22, 11, 20, 16, 22, 3, 17, 13, 12, 45, 17, 7, 31, 5,
21, 7, 12, 17, 14, 0, 4, 15, 0, 4, 17, 0, 3, 7, 17, 29, 13, 23, 7, 24, 0, 46, 10, 15, 25, 54, 37, 11,
11, 19, 1, 48, 45, 0, 12, 5, 25, 6, 0, 21, 2, 16, 1, 1, 6, 34, 1, 8, 26, 0, 23, 297, 36, 128, 11, 3,
32, 19, 8, 17, 46, 31, 4, 24, 46, 22, 24, 11, 5, 3, 0, 14, 9, 60, 24, 13, 12, 0, 28, 10, 26, 17, 21,
6, 2, 0, 7, 8, 5, 0, 10, 0, 50, 0, 17, 26, 23, 5, 33, 7, 6, 11, 9, 25, 260, 21, 27, 1, 1, 26, 1, 13,
11, 6, 15, 3, 16, 4, 45, 0, 4, 20, 33, 16, 8, 8, 1, 27, 16, 3, 21, 17, 13, 0, 22, 7, 8, 22, 12, 0,
27, 2, 233, 1, 1, 18, 7, 39, 31, 27, 4, 18, 6, 11, 16, 4, 25, 3, 19, 2, 10, 0, 0, 0, 4, 0, 1, 2, 16,
3, 34, 6, 6, 10, 0, 2, 30, 39, 14, 11, 10, 23, 10, 63, 1, 32, 25, 45, 0, 1, 38, 19, 25, 16, 30, 0, 1,
7, 10, 17, 1, 7, 5, 18, 35, 12, 35, 1, 1, 24, 33, 1, 23, 57, 4, 183, 89, 27, 17, 42, 15, 9, 9, 21,
88, 9, 50, 8, 8, 5, 27, 23, 15, 16, 22, 19, 59, 0, 2, 5, 41, 2, 0, 0, 52, 7, 0, 4, 10, 13, 29, 1, 49,
18, 4, 1, 92, 18, 25, 18, 11, 41, 31, 13, 31, 2, 37, 3, 0, 5, 29, 23, 1, 0, 20, 0, 0, 6, 1, 0, 0, 19,
5, 4, 8, 7, 10, 15, 1, 10, 38, 19, 10, 2, 18, 11, 12, 15, 16, 12, 14, 40, 23, 5, 2, 7, 9, 64, 0, 0,
13, 11, 30, 22, 1, 41, 0, 0, 4, 11, 6, 14, 24, 1, 26, 50, 9, 14, 32, 12, 8, 14, 12, 15, 14, 2, 42, 4,
16, 0, 12, 16, 16, 6, 4, 27, 1, 11, 21, 30, 11, 9, 0, 2, 0, 19, 0, 27, 6, 23, 41, 27, 29, 0, 10, 1,
23, 15, 13, 30, 8, 20, 27, 24, 22, 14, 9, 1, 94, 1, 26, 6, 0, 1, 0, 37, 0, 0, 24, 0, 1, 8, 21, 11, 0,
3, 0, 19, 1, 0, 3, 4, 56, 34, 1, 188, 0, 11, 17, 26, 25, 30, 16, 22, 4, 9, 14, 8, 20, 3, 34, 46, 22,
24, 15, 24, 26, 33, 14, 27, 9, 25, 5, 2, 0, 0, 6, 9, 6, 41, 7, 15, 19, 0, 11, 10, 4, 0, 44, 15, 17,
31, 0, 0, 32, 11, 0, 31, 1, 0, 21, 6, 11, 19, 9, 0, 15, 12, 13, 11, 1, 17, 41, 1, 11, 8, 18, 62, 24,
21, 17, 21, 23, 17, 0, 14, 11, 0, 17, 11, 82, 9, 0, 26, 1, 37, 2, 21, 26, 12, 25, 3, 20, 0, 6, 193,
40, 0, 24, 8, 18, 6, 0, 1, 8, 293, 26, 39, 8, 10, 29, 35, 4, 21, 38, 10, 1, 15, 7, 27, 43, 25, 0, 10,
0, 2, 20, 0, 5, 27, 14, 17, 0, 0, 8, 10, 1, 0, 45, 10, 11, 0, 2, 0, 50, 26, 29, 2, 12, 19, 31, 20, 0,
94, 23, 29, 9, 44, 28, 0, 14, 6, 2, 0, 24, 1, 98, 5, 19, 32, 11, 4, 23, 16, 57, 5, 1, 21, 10, 18, 0,
7, 7, 13, 2, 24, 1, 11, 150, 27, 14, 129, 3, 0, 0, 11, 3, 6, 13, 16, 76, 10, 35, 32, 8, 0, 3, 26, 25,
10, 18, 16, 29, 13, 2, 31, 15, 37, 23, 0, 8, 18, 1, 20, 290, 0, 2, 10, 14, 6, 2, 40, 29, 1, 191, 19,
2, 23, 12, 0, 0, 28, 42, 21, 12, 25, 92, 41, 20, 39, 3, 8, 24, 1, 16, 2, 46, 24, 15, 1, 15, 22, 36,
14, 18, 1, 1, 4, 6, 9, 7, 8, 2, 2, 2, 20, 10, 38, 7, 36, 31, 12, 48, 0, 23, 21, 11, 0, 22, 12, 33,
28, 30, 17, 51, 33, 34, 11, 10, 0, 9, 19, 1, 27, 30, 2, 3, 26, 4, 19, 13, 8, 7, 12, 15, 5, 0, 26, 5,
0, 18, 0, 22, 31, 2, 36, 9, 1, 1, 17, 7, 20, 11, 10, 0, 15, 1, 1, 38, 35, 5, 1, 20, 0, 22, 15, 17, 9,
26, 3, 14, 0, 26, 10, 7, 1, 0, 1, 1, 14, 29, 16, 0, 8, 0, 0, 4, 9, 5, 13, 0, 15, 29, 22, 17, 17, 3,
22, 0, 36, 1, 1, 2, 18, 13, 1, 0, 5, 1, 60, 0, 30, 0, 0, 2, 3, 95, 14, 10, 2, 6, 1, 4, 15, 0, 0, 0,
5, 11, 36, 11, 10, 51, 25, 2, 1, 17, 9, 4, 0, 5, 14, 17, 9, 9, 11, 22, 12, 18, 28, 7, 23, 60, 4, 54,
1, 23, 1, 0, 0, 18, 8, 15, 43, 12, 12, 30, 25, 1, 18, 4, 1, 0, 64, 2, 10, 5, 12, 23, 34, 44, 9, 5, 3,
1, 4, 11, 12, 1, 9, 19, 2, 0, 4, 5, 4, 0, 2, 4, 17, 3, 4, 1, 48, 0, 9, 6, 4, 6, 7, 4, 8, 10, 2, 8, 5,
2, 5, 5, 3, 5, 14, 6, 2, 6, 3668, 10, 3, 6, 0, 8, 4, 8, 2894, 1, 4, 7, 1, 4, 4, 2, 11, 12, 6, 7,
2177, 2, 4, 4, 904, 6, 0, 11, 2, 5, 2, 0, 3, 10, 4, 7, 3, 4, 5, 3, 6, 3, 4, 1, 1, 0, 6, 2, 1, 1, 21,
4, 1, 7, 10, 1, 3, 1, 1, 2, 1, 2454, 9, 4, 11, 2, 7, 6, 2, 1, 6, 8, 4, 1, 8, 17, 3, 10041, 7, 2, 1,
1, 2, 3, 2757, 1, 3, 10, 1, 2, 3, 3, 0, 1, 5, 0, 3, 0, 0, 1, 5, 3, 2, 6, 11, 6, 7, 0, 13, 837, 2, 0,
1, 6, 0, 7, 2, 4, 3, 4, 25, 1, 4, 12, 4, 2, 3, 6, 2, 3, 2, 5, 1, 3, 67, 0, 3, 7, 42, 0, 0, 0, 7, 5,
2, 4, 6, 5, 0, 6, 6, 1, 7, 6, 4, 5, 2, 5, 10, 12, 1, 4, 9, 1, 4, 3, 2, 2, 3, 6, 5, 8, 2, 6, 7, 1, 5,
1, 10, 4, 0, 27, 0, 2, 9, 1, 2, 7, 3, 2, 4, 4, 13, 7, 4, 4, 1, 8, 9, 3, 8, 6, 7, 5, 0, 4, 1, 3, 5, 1,
2, 1, 5, 9, 4497, 2, 7, 16, 4, 2, 1, 0, 6, 4, 3, 1, 1, 834, 5474, 485, 5, 0, 1, 3, 3, 1504, 3869, 6,
1, 17, 10338, 4, 1, 4, 3, 6, 2, 3, 9, 16, 3196, 0, 12, 14, 7, 4, 31, 3, 8, 6, 750, 4, 2, 1, 6, 15, 2,
10, 7, 3, 2, 2, 8, 2008, 7342, 1, 7, 5, 2, 7, 8, 4, 6, 6, 1, 5, 1, 440, 7, 2, 9346, 6, 7, 0, 11, 0,
1, 2, 1, 5, 0, 3778, 2, 0, 3, 8, 3, 1759, 2, 2, 4, 9, 3, 2, 1, 4, 5, 9, 3, 5, 3, 2, 1, 5, 1631, 3, 2,
1, 3, 4, 9, 3, 2, 2, 7, 8, 6, 4, 6, 2, 3, 5, 5, 964, 2, 87, 0, 7, 6, 7, 4, 1, 2, 1, 3, 4, 11, 3, 11,
6, 7, 8, 6, 4, 2, 5, 1, 13, 7, 5, 0, 8, 2, 5, 0, 4, 1, 2, 2, 1, 3, 12, 8, 9, 6, 2, 4, 3, 529, 0, 0,
2, 5, 1, 0, 3, 2, 5, 5, 2, 2, 5, 6, 2, 2, 4, 3034, 2, 4, 2, 9, 14, 2, 5, 0, 786, 2, 10, 0, 10, 3, 3,
517, 1, 2, 2, 6, 2, 2, 2, 0, 2, 9, 1, 5, 1, 4, 2, 0, 2, 0, 4, 3, 0, 3, 15, 3, 2310, 0, 1, 9, 3, 1, 1,
4, 0, 2, 4, 8, 1, 5, 8, 5, 2470, 6, 3, 3, 4, 11, 13, 1, 2, 2, 2, 7, 0, 1, 4, 0, 4, 6, 7, 0, 6, 6, 9,
3, 2, 15, 2, 5, 9, 8, 5, 1, 3, 6, 4, 2, 3, 1, 3782, 3, 4, 3, 0, 1, 1, 11, 0, 2, 10, 5, 5, 9, 6, 1268,
8, 2, 5, 3, 4, 9, 15, 2, 0, 6, 5, 3, 12, 5, 0, 2, 4, 2, 5, 1, 1, 2, 1, 9, 6, 3, 9, 6, 2, 8, 6, 8, 7,
5, 2, 1, 4, 5, 3, 12, 1, 8, 3, 12, 1, 1565, 2, 17, 7, 2, 1, 4, 23, 726, 2, 1, 1148, 10, 7, 10, 6, 7,
1, 4, 4, 2, 0, 13, 5, 5, 1, 1, 1, 1, 4, 6, 3, 2, 1, 56, 4, 2, 11, 11, 7934, 4, 828, 3, 1, 3, 1, 0, 3,
1, 3, 2, 54, 1, 2, 2, 1589, 2, 6, 2, 3, 6, 6, 2, 2, 1, 6, 2233, 5, 7, 5, 3, 1, 1, 0, 1, 20, 16, 22,
4, 3, 9, 1, 6, 2, 5, 4, 2, 641, 4, 5, 1, 0, 4, 2, 4, 4273, 2, 2, 8, 1, 12, 2, 2, 4, 5, 31, 5, 2, 9,
0, 2, 6, 16, 588, 6353, 109, 5, 9, 4, 0, 6, 3, 1, 8, 13, 1, 1, 2, 5, 1, 21, 4, 11, 9, 6, 1, 5, 13, 5,
3, 0, 2, 1, 0, 12, 5, 3, 2298, 2, 0, 1, 7, 15, 6, 13, 14, 5, 3, 8, 2, 0, 4, 5, 3, 10, 4, 2, 0, 1, 17,
1855, 3, 0, 0, 4, 11, 1, 965, 3, 2, 5, 1927, 0, 4, 18, 3, 0, 6, 1, 2, 2, 1, 3, 1, 12, 1366, 3, 5, 3,
4, 3, 5, 3, 1, 5, 426, 1, 1, 2, 18, 0, 1, 33, 13, 2358, 3, 4, 0, 23, 1, 1, 15, 6, 2, 2, 6, 3603, 3,
10, 5, 3, 6, 6, 1, 1, 1, 10, 1, 6, 3, 6, 11, 1, 11, 6, 5, 1, 1913, 1, 0, 3, 6, 8, 1, 3, 3, 4, 6, 2,
982, 5, 1, 6, 2, 2, 20, 4, 4, 2, 4, 5, 1, 4, 3, 11, 14, 0, 4, 4, 4, 0, 2, 5, 4, 1, 1297, 0, 1, 1, 3,
0, 3, 2, 9, 1, 8, 37, 2, 1, 3, 1, 6, 11, 4, 4, 1, 11, 0, 6, 2, 6, 0, 3, 13, 6, 3, 4, 17, 1, 9, 1, 4,
2, 4, 8, 2, 8, 2, 1, 0, 1341, 12, 6519, 8, 2, 0, 5, 3, 3, 1, 1, 3, 6, 0, 1722, 2, 2, 8, 2, 3, 3641,
5, 3, 8, 10, 10, 2, 1, 5, 7, 0, 17, 1, 1, 13, 3, 4, 0, 5, 7, 1, 0, 4, 0, 0, 7, 2, 0, 0, 4, 1, 2, 3,
0, 5, 6, 6, 3, 4, 8, 7, 3, 2, 7, 0, 5, 10, 3, 8, 2, 2, 5, 3, 0, 8, 1, 15, 7, 9, 0, 2, 2, 8, 3, 7, 1,
1, 0, 8, 18, 3, 2, 5, 2, 4, 6, 291, 6, 2, 6, 3, 6, 1, 2, 0, 8, 4, 0, 6, 2, 4, 8, 2694, 6, 5, 9, 0,
20, 4, 4, 5, 4, 0, 1, 827, 5, 0, 2, 2966, 328, 1, 4, 6, 17, 1, 5, 28, 3, 4, 15, 2, 3, 48, 1, 3, 2,
13, 6, 11, 11, 0, 2, 2, 19, 1, 1, 3, 1079, 12, 2, 3, 3, 3, 6, 1, 7, 1, 0, 1, 0, 9, 3, 14, 2, 3, 0, 3,
5, 0, 5, 1, 2, 6, 7, 15, 1, 1, 6, 6, 11, 3, 7, 5, 3, 1, 7, 0, 0, 1, 17, 10, 15, 5, 0, 0, 8, 10, 21,
9, 1, 5, 2, 11, 13, 7, 4, 4, 12, 2, 1, 2, 7, 2, 8, 9, 3, 4, 7, 2, 1, 1, 0, 2, 1, 3, 2697, 6, 6, 3, 3,
6, 0, 3, 3, 3, 7, 4, 6, 1, 0, 4, 0, 8, 4, 6, 14, 2, 2, 0, 7, 1, 6, 1, 15, 6, 0, 4, 1, 0, 3, 13, 0, 2,
5, 9, 3, 1, 6, 3027, 0, 3, 2, 1, 2, 9, 8, 2, 8, 25, 3, 11, 6, 32, 2, 10, 3, 7, 3, 2, 1, 5, 10, 28, 5,
1, 0, 1, 2, 5, 13, 1, 1, 3, 2, 1, 13, 7, 1, 17, 4144, 3, 1, 7, 10, 3, 2, 15, 9, 1, 3, 1, 6, 4, 5, 7,
2, 6, 7, 6, 1, 5, 4, 5, 3, 0, 8, 3, 1, 3, 11, 14, 0, 5, 2, 7, 10, 5, 1, 0, 12, 3, 4, 10, 12, 2, 8, 1,
2, 5, 8, 7, 6, 3, 5, 7, 0, 1, 8, 4, 3, 1, 3, 9, 3, 2, 4, 5, 1, 0, 2, 2, 1, 4, 2, 0, 1, 1, 1, 0, 7, 9,
4, 1, 1, 5, 2, 7, 0, 0, 1, 1, 4, 6, 7, 3, 6, 19, 2, 5, 5, 2, 2, 13, 2, 8, 0, 0, 2, 1, 0, 15, 6, 5, 0,
2, 10, 5, 2, 4, 2, 2, 4, 7, 7, 2269, 1, 1, 0, 2, 0, 2, 7, 6, 0, 5, 3, 25, 7, 7, 3, 7, 2, 2, 3, 0, 7,
0, 0, 3, 3, 5, 5, 7, 0, 3, 1, 11, 23, 0, 2, 2, 6, 7, 2, 0, 2, 0, 1, 5, 4, 6, 0, 3, 2, 2, 2, 4, 4, 3,
3, 3, 693, 6, 4, 1, 5, 5, 20, 8, 5, 4, 5, 0, 0, 11, 5, 13, 2, 6, 53, 2, 7, 7, 1, 0, 3, 2, 5, 2, 3, 3,
0, 4, 5, 5, 6, 0, 7, 5, 7, 2, 8, 0, 4, 8, 2, 4, 970, 3, 3, 2, 6, 2, 2, 2, 0, 3, 1, 11, 1, 0, 6, 7, 3,
0, 4, 4, 1, 3, 10, 2, 7, 5, 7, 2, 7, 1, 712, 2, 8, 5, 0, 2, 1825, 5, 1, 4, 7, 4, 2, 2, 3, 629, 6, 1,
4, 4, 3, 2, 5, 0, 8, 4, 3, 7, 4, 4, 2, 13, 4, 1, 8, 2, 0, 1, 4, 6, 4, 1, 1, 0, 2, 2, 1, 4, 0, 27, 6,
0, 2, 7, 8, 2, 4, 0, 0, 23, 2, 11, 0, 5, 4, 2, 1, 1, 14, 6, 4, 4, 0, 6, 1, 1674, 4, 6, 4, 7, 2, 2088,
0, 8, 3, 1, 4, 9, 6, 6, 1, 6, 3, 7, 2, 1, 1, 7, 39, 3, 13, 0, 5, 0, 4, 3, 7, 2, 5, 6, 15, 6, 8, 1, 2,
6, 3, 11, 16, 12, 10, 3, 7, 2, 4, 3, 8, 5, 6, 2, 11, 4, 6, 2, 2, 1, 0, 11, 1, 6, 3, 7, 7, 6, 0, 4, 3,
2, 5, 4, 11, 3, 6, 8, 5, 6, 2, 2, 24, 4, 11, 5, 2134, 4, 2, 3, 1, 2125, 1, 3348, 0, 0, 7, 1464, 5, 7,
0, 1, 0, 12, 1, 0, 1, 6, 5, 8, 5, 0, 1, 1, 8, 17, 1, 0, 0, 2, 7, 0, 0, 1, 1, 2, 7, 2, 5, 3, 3, 10, 5,
3, 1, 4, 13, 1, 2, 2, 2, 6, 3, 4, 2, 4, 5, 6, 1, 3, 3, 1, 0, 0, 5, 4, 74, 2, 2, 6, 2, 11, 19, 2, 2,
4, 0, 8, 16, 2981, 9, 1, 15, 7, 2, 41, 2, 3, 8, 7, 23, 4, 4, 6, 1, 1, 3, 15, 2, 5, 430, 3, 6, 6, 0,
0, 0, 4, 1, 4, 16, 4, 4, 366, 7, 1, 0, 0, 6, 2207, 2, 7, 2, 2, 2, 210, 5422, 1, 2, 9, 4, 0, 1, 22,
1937, 3, 0, 5, 4, 5, 6, 5, 6, 6, 7, 0, 6, 8, 4, 2, 7, 1, 4, 5, 9, 1, 2, 4, 4, 1, 1, 0, 3, 2, 8, 6,
1079, 3, 4, 6, 1, 0, 3, 0, 2, 7, 13, 1, 10, 2, 1, 3, 4, 1, 4, 16, 2, 1, 10, 1, 2, 0, 6, 6, 8, 0, 6,
6, 0, 16, 8, 3938, 2, 17, 5, 0, 2, 10, 8, 13, 2, 4, 1, 0, 5, 690, 3, 2, 3, 8, 6, 4, 6, 2, 519, 3, 4,
3, 3, 1, 625, 8, 7, 1, 1, 4, 5, 12, 10, 2, 2, 2395, 11, 7, 0, 2, 2716, 1, 8, 4, 4, 2, 344, 2104, 3,
3, 0, 5, 3, 7, 15, 8513, 2, 2, 5, 808, 2907, 0, 2, 5, 1, 12, 13, 14, 0, 5, 0, 2, 3, 2, 6, 2, 1, 0, 0,
0, 0, 14, 0, 8, 8, 7, 8, 10, 5, 7, 3, 22, 19, 20, 4, 2, 7, 4, 3, 3, 3, 6, 946, 1, 2, 4, 6, 0, 0, 1,
0, 13, 6, 2, 2, 5, 2, 0, 0, 0, 0, 0, 0, 0, 0, 0, 0, 0, 0, 0, 0, 0, 0, 0, 0, 0, 0, 1, 0, 0, 0, 0, 0,
0, 0, 0, 0, 0, 0, 0, 0, 0, 3, 0, 0, 0, 0, 0, 0, 1, 0, 0, 0, 0, 0, 0, 0, 0, 0, 0, 18, 0, 0, 0, 1, 0,
0, 0, 0, 1, 0, 0, 0, 0, 6, 0, 0, 0, 0, 0, 0, 0, 0, 1, 0, 0, 0, 0, 0, 0, 0, 0, 0, 0, 2, 1, 0, 0, 0, 0,
0, 0, 0, 0, 0, 0, 0, 0, 0, 0, 0, 0, 0, 0, 0, 1, 0, 0, 0, 0, 0, 0, 0, 0, 0, 0, 1, 0, 0, 0, 0, 0, 0, 0,
0, 0, 0, 0, 0, 0, 0, 0, 0, 0, 0, 0, 0, 0, 0, 0, 0, 0, 1, 0, 0, 0, 0, 0, 0, 0, 0, 0, 1, 0, 0, 0, 0, 0,
0, 0, 0, 0, 0, 0, 0, 0, 0, 0, 0, 0, 0, 0, 0, 0, 0, 0, 0, 4, 0, 0, 0, 0, 0, 1, 0, 0, 0, 1, 1, 0, 0, 0,
0, 0, 0, 0, 0, 0, 0, 0, 0, 0, 0, 0, 0, 0, 0, 0, 0, 0, 0, 0, 0, 0, 0, 0, 0, 0, 0, 0, 1, 0, 0, 0, 1, 0,
1, 0, 0, 0, 0, 36, 0, 0, 0, 0, 0, 0, 0, 0, 0, 0, 0, 0, 0, 0, 0, 0, 0, 0, 0, 0, 0, 0, 0, 1, 0, 0, 0,
0, 0, 0, 0, 0, 0, 0, 0, 0, 0, 0, 1, 0, 0, 0, 0, 0, 0, 0, 0, 0, 0, 0, 0, 0, 1, 0, 0, 0, 1, 0, 0, 0, 0,
0, 0, 0, 0, 0, 0, 1, 0, 0, 0, 0, 0, 0, 0, 0, 0, 0, 0, 0, 2, 0, 0, 0, 0, 0, 0, 0, 0, 0, 0, 0, 0, 0, 0,
0, 0, 0, 0, 0, 0, 0, 0, 0, 0, 0, 0, 0, 0, 0, 0, 0, 0, 0, 0, 0, 0, 0, 0, 0, 0, 0, 0, 0, 0, 0, 0, 0, 0,
0, 0, 0, 0, 0, 0, 0, 0, 0, 0, 0, 0, 0, 0, 0, 0, 0, 0, 0, 0, 0, 0, 0, 10, 0, 0, 0, 0, 0, 0, 0, 0, 0,
0, 0, 0, 0, 0, 0, 0, 1, 0, 0, 0, 0, 0, 0, 0, 0, 0, 0, 0, 0, 0, 0, 0, 0, 0, 0, 0, 0, 0, 0, 0, 0, 1, 0,
0, 0, 0, 0, 0, 0, 0, 0, 0, 0, 0, 0, 0, 0, 0, 1, 0, 0, 0, 0, 0, 0, 0, 0, 0, 0, 0, 0, 0, 0, 0, 0, 0, 0,
0, 0, 0, 0, 0, 0, 0, 0, 0, 0, 0, 0, 0, 0, 0, 1, 0, 0, 0, 0, 0, 0, 0, 0, 0, 0, 0, 0, 0, 0, 0, 0, 0, 0,
0, 0, 0, 0, 0, 0, 0, 0, 0, 0, 1, 0, 0, 0, 0, 1, 0, 0, 0, 0, 0, 0, 0, 0, 0, 0, 0, 0, 0, 0, 0, 0, 0, 0,
0, 0, 0, 0, 0, 0, 0, 0, 0, 0, 0, 0, 0, 0, 1, 0, 0, 1, 0, 0, 0, 1, 0, 0, 0, 0, 0, 0, 0, 0, 0, 0, 0, 0,
0, 0, 0, 0, 0, 0, 0, 0, 0, 0, 0, 0, 0, 0, 0, 0, 0, 0, 0, 0, 0, 0, 12, 0, 0, 0, 0, 0, 0, 0, 0, 0, 0,
0, 0, 0, 0, 0, 0, 6, 0, 0, 0, 0, 15, 0, 0, 0, 0, 0, 0, 0, 0, 0, 0, 0, 0, 0, 0, 0, 0, 0, 0, 0, 0, 0,
0, 0, 0, 0, 0, 0, 0, 0, 0, 0, 0, 0, 0, 0, 0, 0, 0, 0, 0, 0, 0, 0, 0, 0, 0, 0, 0, 0, 0, 0, 0, 0, 0, 0,
0, 0, 0, 0, 0, 0, 0, 0, 1, 0, 0, 0, 0, 2, 67, 0, 0, 0, 0, 0, 0, 0, 0, 0, 0, 0, 0, 0, 0, 0, 0, 0, 0,
0, 0, 0, 0, 0, 0, 0, 0, 0, 14, 0, 0, 0, 0, 0, 0, 0, 0, 0, 0, 0, 0, 0, 0, 0, 1, 0, 0, 0, 0, 0, 0, 0,
0, 0, 0, 0, 0, 0, 0, 0, 0, 0, 0, 0, 0, 0, 0, 0, 0, 0, 2, 0, 0, 0, 0, 1, 0, 0, 0, 0, 0, 0, 0, 0, 0, 0,
0, 1, 0, 0, 0, 0, 0, 0, 0, 0, 0, 0, 0, 0, 0, 0, 0, 0, 0, 0, 1, 0, 0, 0, 0, 0, 0, 0, 0, 0, 0, 0, 1, 0,
0, 0, 0, 0, 1, 0, 0, 0, 0, 0, 0, 0, 0, 0, 0, 4, 0, 0, 0, 0, 0, 0, 0, 0, 0, 0, 0, 0, 0, 0, 0, 0, 0, 0,
0, 0, 0, 0, 0, 0, 0, 0, 0, 0, 0, 0, 0, 0, 0, 0, 0, 0, 0, 0, 0, 0, 0, 0, 0, 0, 0, 0, 0, 0, 0, 0, 0, 0,
0, 0, 0, 0, 0, 0, 0, 0, 0, 0, 0, 0, 0, 0, 0, 0, 0, 0, 0, 0, 0, 0, 0, 0, 0, 0, 0, 0, 0, 0, 0, 2, 0, 0,
0, 0, 0, 0, 0, 1, 0, 0, 0, 1, 0, 0, 0, 0, 0, 0, 0, 0, 0, 0, 0, 0, 0, 0, 0, 0, 0, 0, 0, 0, 0, 1, 0, 0,
0, 0, 0, 0, 0, 0, 0, 0, 0, 0, 0, 0, 0, 0, 0, 0, 0, 0, 0, 0, 0, 0, 0, 0, 0, 0, 0, 0, 9, 0, 0, 0, 11,
0, 0, 0, 0, 0, 0, 0, 0, 0, 0, 0, 0, 0, 0, 0, 0, 0, 0, 0, 0, 0, 0, 0, 0, 0, 0, 1, 0, 0, 0, 0, 0, 0, 0,
0, 0, 0, 1, 0, 0, 0, 0, 0, 0, 0, 0, 0, 0, 0, 0, 1, 0, 0, 17, 0, 0, 0, 0, 0, 0, 0, 0, 0, 0, 0, 0, 0,
0, 0, 0, 0, 0, 0, 0, 0, 0, 0, 0, 0, 0, 0, 0, 0, 0, 0, 0, 0, 0, 0, 0, 0, 0, 0, 1, 0, 0, 0, 0, 0, 0,
10, 0, 0, 0, 0, 0, 30, 0, 0, 0, 0, 0, 0, 0, 0, 0, 0, 0, 0, 0, 0, 0, 0, 0, 0, 0, 0, 0, 0, 0, 0, 0, 0,
0, 0, 0, 0, 0, 0, 0, 0, 0, 0, 0, 0, 0, 0, 0, 1, 0, 0, 0, 0, 0, 0, 0, 0, 0, 1, 0, 0, 0, 0, 0, 0, 0, 0,
0, 0, 0, 0, 0, 0, 0, 0, 0, 0, 0, 0, 0, 0, 0, 0, 0, 0, 0, 0, 0, 0, 0, 0, 0, 0, 0, 1, 0, 0, 0, 0, 0, 0,
0, 0, 0, 0, 0, 0, 0, 2, 0, 0, 0, 0, 0, 0, 0, 0, 0, 0, 0, 0, 0, 0, 0, 0, 0, 0, 0, 0, 0, 0, 0, 0, 0, 0,
0, 0, 0, 0, 0, 0, 0, 0, 0, 0, 0, 0, 0, 5, 0, 0, 0, 8, 0, 0, 0, 5, 0, 0, 0, 0, 0, 0, 0, 0, 0, 30, 2,
0, 0, 0, 0, 0, 0, 0, 0, 0, 0, 0, 0, 0, 0, 0, 0, 0, 0, 0, 0, 0, 0, 0, 0, 0, 0, 0, 0, 0, 0, 0, 0, 0, 0,
1, 0, 0, 0, 0, 0, 0, 0, 0, 0, 0, 0, 40, 0, 1, 0, 0, 0, 0, 0, 0, 0, 0, 0, 0, 0, 0, 0, 0, 0, 0, 0, 0,
0, 0, 0, 0, 0, 0, 1, 0, 0, 0, 0, 0, 0, 0, 0, 0, 0, 0, 0, 0, 0, 0, 0, 0, 0, 1, 0, 0, 0, 0, 0, 0, 0, 0,
0, 0, 0, 2, 0, 0, 0, 0, 0, 0, 0, 0, 0, 0, 0, 0, 0, 0, 0, 0, 0, 0, 0, 0, 0, 0, 0, 0, 0, 0, 1, 0, 0, 0,
0, 0, 0, 0, 0, 1, 0, 0, 0, 0, 0, 0, 0, 0, 0, 0, 0, 9, 0, 0, 1, 0, 0, 0, 0, 0, 0, 1, 0, 0, 0, 0, 0, 0,
0, 0, 0, 0, 0, 0, 0, 0, 0, 0, 0, 0, 0, 0, 0, 0, 0, 1, 0, 0, 0, 0, 0, 1, 0, 0, 0, 0, 0, 21, 0, 0, 0,
0, 0, 0, 0, 0, 0, 0, 0, 0, 0, 0, 0, 1, 1, 0, 0, 0, 0, 0, 0, 0, 0, 0, 0, 0, 0, 0, 0, 0, 0, 0, 0, 0, 0,
0, 0, 0, 0, 0, 0, 0, 0, 0, 0, 0, 0, 0, 0, 0, 0, 0, 0, 0, 0, 0, 0, 0, 0, 0, 0, 0, 0, 0, 0, 0, 1, 0, 0,
0, 0, 0, 0, 0, 0, 0, 0, 0, 0, 0, 0, 0, 0, 0, 0, 0, 0, 0, 0, 0, 0, 0, 0, 1, 0, 0, 0, 0, 0, 0, 0, 0, 0,
0, 0, 0, 0, 0, 0, 0, 0, 0, 0, 0, 0, 0, 0, 0, 0, 0, 0, 1, 0, 0, 0, 0, 0, 0, 0, 0, 0, 1, 0, 0, 0, 2, 0,
0, 0, 0, 0, 0, 0, 0, 0, 0, 0, 0, 0, 0, 0, 0, 0, 0, 0, 0, 0, 0, 0, 0, 0, 0, 0, 0, 0, 0, 0, 0, 0, 0, 8,
0, 29, 0, 0, 1, 0, 0, 0, 0, 0, 0, 84, 0, 0, 0, 0, 0, 0, 0, 0, 0, 0, 0, 0, 0, 0, 0, 0, 0, 0, 0, 0, 0,
0, 0, 0, 0, 0, 0, 1, 0, 0, 0, 0, 0, 0, 0, 0, 0, 0, 0, 14, 0, 0, 0, 0, 0, 1, 0, 22, 0, 0, 0, 0, 0, 0,
0, 0, 0, 0, 0, 0, 0, 0, 0, 0, 0, 0, 0, 0, 0, 0, 0, 0, 0, 0, 0, 0, 0, 0, 0, 0, 0, 0, 0, 0, 0, 0, 0, 0,
0, 0, 0, 0, 0, 0, 0, 0, 0, 0, 0, 0, 1, 0, 0, 1, 0, 0, 0, 0, 0, 1, 0, 1, 0, 0, 0, 0, 0, 0, 0, 0, 0, 1,
1, 0, 0, 0, 0, 0, 0, 0, 0, 0, 0, 0, 0, 0, 0, 0, 0, 0, 5, 0, 0, 0, 0, 0, 0, 0, 0, 0, 0, 0, 0, 1, 25,
0, 0, 0, 0, 0, 0, 1, 0, 0, 0, 33, 0, 0, 0, 0, 0, 0, 0, 0, 0, 0, 0, 0, 0, 0, 1, 0, 0, 0, 0, 0, 0, 0,
29, 0, 0, 0, 0, 0, 0, 0, 0, 0, 1, 0, 0, 0, 0, 0, 0, 0, 0, 0, 0, 0, 0, 0, 0, 0, 0, 0, 0, 0, 0, 0, 0,
0, 0, 0, 0, 0, 0, 0, 0, 0, 0, 0, 0, 0, 0, 0, 1, 0, 0, 1, 0, 0, 0, 0, 0, 0, 0, 0, 0, 0, 0, 0, 0, 0, 0,
0, 0, 0, 6, 0, 0, 0, 0, 0, 0, 0, 0, 0, 0, 0, 0, 1, 0, 0, 0, 0, 0, 0, 0, 0, 0, 0, 0, 0, 0, 0, 0, 0, 0,
0, 0, 0, 0, 0, 0, 0, 0, 1, 0, 0, 0, 0, 0, 0, 0, 0, 0, 1, 0, 0, 0, 0, 0, 0, 0, 0, 0, 0, 0, 0, 0, 0, 0,
0, 0, 0, 0, 0, 0, 0, 0, 0, 0, 0, 0, 0, 0, 0, 0, 0, 0, 0, 0, 0, 0, 0, 0, 0, 0, 0, 0, 0, 0, 18, 0, 0,
0, 0, 0, 0, 0, 0, 0, 0, 0, 0, 0, 0, 0, 0, 0, 0, 0, 0, 0, 0, 0, 0),
.Dim = c(2000, 4))
meanExprR <- 
structure(c(72.1141718377088, 43.0368258706468, 67.4242222222222, 1.102, 1.24231007751938,
11.5474545454545, 12.2588093385214, 1.05463157894737, 1.5999381443299, 0.510474576271186, 0.002,
0.37237037037037, 0.877, 0.900876404494382, 4.18189417989418, 12.6435094339623, 0.771230769230769,
0.581710144927536, 5.548875, 1.72861870503597, 1.49550649350649, 0.9395, 0.492196078431373,
0.387356454720617, 0.467686274509804, 0.472653377630122, 0.332188679245283, 0.229272727272727,
0.504092050209205, 0.686931506849315, 0.571105691056911, 0.416870689655172, 0.493468183434056,
0.568037735849057, 0.901470899470899, 0.476452554744526, 0.415223140495868, 0.749663551401869,
1.33533333333333, 1.49732710280374, 0.76471186440678, 0.002, 0.002, 0.002, 0.528315789473684,
0.978744186046512, 3.19787628865979, 2.5085274151436, 0.859142857142857, 4.24618604651163,
0.771230769230769, 0.265157894736842, 0.443527446300716, 0.449761194029851, 0.468666666666667, 0.562,
0.583395348837209, 2.63836363636364, 0.702389105058366, 0.265157894736842, 0.543237113402062,
0.595220338983051, 0.13187012987013, 0.37237037037037, 1.002, 0.676157303370786, 0.584010582010582,
0.002, 1.92507692307692, 2.17591304347826, 1.173875, 1.15307913669065, 123.573428571429, 24.252,
30.5902352941176, 16.6301310211946, 20.3839444444444, 20.4172823920266, 34.2001132075472,
26.0247272727273, 16.2781506276151, 24.0088493150685, 14.9748997289973, 18.3532931034483,
16.0355940277284, 20.5680377358491, 22.964962962963, 20.4764525547445, 11.6383636363636,
19.3789470404984, 187.335333333333, 105.609476635514, 21.273186440678, 10.002, 0.002, 2.802,
0.528315789473684, 0.467116279069767, 0.583068416119963, 0.393644908616188, 0.478190476190476,
0.728744186046512, 0.771230769230769, 0.528315789473684, 6.78600954653938, 9.55423880597015,
15.1353333333333, 3.642, 3.45161240310077, 4.72927272727273, 17.706280155642, 10.002,
4.48653608247423, 4.91725423728814, 1.82018181818182, 1.85385185185185, 11.252, 2.47391011235955,
2.91205291005291, 4.34162264150943, 5.25841025641026, 4.63968115942029, 2.8145, 4.67825899280576,
4.15784415584416, 36.6895, 3.53141176470588, 2.79583429672447, 4.05837254901961, 4.25449169435216,
3.25671698113208, 3.52472727272727, 4.22794142259414, 4.11158904109589, 3.98573983739837,
3.76816379310345, 4.22436046924991, 3.20954716981132, 3.5998835978836, 3.98010218978102,
5.07638016528926, 2.64997507788162, 2.66866666666667, 3.92723364485981, 4.83250847457627,
1.66866666666667, 5.45654545454545, 6.002, 3.68621052631579, 4146.04851162791, 1879.70209372071,
2332.76962402089, 538.573428571429, 19.0717674418605, 4224.61738461539, 1469.34410526316,
0.0914988066825776, 0.002, 0.0908888888888889, 0.122, 0.157038759689922, 6.27472727272727,
0.235463035019455, 0.265157894736842, 0.182412371134021, 0.425728813559322, 0.002, 0.002, 0.127,
0.563797752808989, 0.107820105820106, 0.190679245283019, 0.002, 0.002, 0.236375, 0.0739424460431655,
0.196805194805195, 5.627, 0.002, 0.002, 0.0142549019607843, 0.0241483942414175, 0.002,
0.115636363636364, 0.0438410041841004, 0.002, 0.042650406504065, 0.023551724137931,
0.0268844649840028, 0.002, 0.107820105820106, 0.293970802919708, 0.0185289256198347,
0.0954579439252336, 0.002, 0.562747663551402, 0.002, 0.002, 0.002, 0.002, 0.002, 0.0950232558139535,
0.086348641049672, 0.10643864229765, 0.19247619047619, 20.5833953488372, 0.002, 0.002),
.Dim = c(52, 4))
C <- 2000
K <- 52
G <- 4
